Optimization terminated: stop requested from plot function.

x =

   93.5854    5.8065   96.6361    0.9995    0.6543
   14.8440    6.7393    5.9126    0.4812    0.6816
   43.7088    5.0231   24.8510    0.8770    0.7583
   20.7735    7.6933    7.3439    0.6095    0.5066
   91.8755    4.9432   45.5147    0.7111    0.6782
    2.6896    6.4278    3.5050    0.2293    0.4100
   73.7853    6.6369   33.6508    0.6921    0.6543
    3.1039    7.6866    3.4008    0.2812    0.4755
   50.0350    6.2258   23.9503    0.5569    0.6687
   97.4722    6.4213   79.9722    0.6959    0.3362
   44.7570    6.5645   15.8460    0.5740    0.7900
   11.6006    7.3198    7.0373    0.5347    0.7669
    9.6619    7.1551    5.2030    0.5094    0.6790
   20.3570    7.0516    6.3794    0.5628    0.5520
    2.7465    7.0639    3.5631    0.2740    0.5173
   47.1864    6.4804   17.2600    0.5426    0.8118
   39.0035    6.4711   27.3374    0.8848    0.5304
   66.3765    7.5067   93.7507    0.8961    0.5012
   10.9756    7.0466    4.6928    0.5460    0.5615
   14.9799    7.2213    7.9309    0.5767    0.7121
    3.3484    7.9323    3.7362    0.6391    0.3663
    4.9374    7.4643    4.6843    0.4630    0.6819
   32.7503    6.3423    9.2302    0.4838    0.6545
    2.7860    7.4784    3.3705    0.2249    0.4650
    4.7058    7.7274    4.3723    0.5829    0.5528
    8.3670    7.2514    4.6902    0.5203    0.6777
   27.2199    6.9217    7.2389    0.5481    0.6441
    2.7860    7.2002    3.3583    0.4141    0.5851
    2.8047    7.1146    3.4709    0.2905    0.5905
   43.6187    7.3701   49.3609    0.7800    0.7263
   14.9048    6.9974    6.0757    0.5711    0.6681
   37.3947    6.9653   33.1333    0.6173    0.7418
   35.5036    6.4206   25.1528    0.6897    0.6274
   13.4351    6.5699    6.9353    0.6445    0.8103
    4.2682    7.6240    4.2337    0.5791    0.6854
    2.8485    7.3534    3.3705    0.2249    0.4181
   30.6978    6.4456   14.6369    0.7041    0.6407
    2.8469    7.1280    3.4385    0.2911    0.4224
    2.6219    6.8766    3.3798    0.4845    0.5440
    7.6133    6.7023    4.6318    0.5727    0.6832
   43.5758    5.8468   11.3440    0.7587    0.6016
    4.7884    7.4054    4.4479    0.4331    0.5715
   50.8209    5.8690   36.6063    0.6356    0.6764
   46.3991    6.5946   17.4742    0.6467    0.7902
    3.2594    7.4932    3.7941    0.4815    0.6427
   20.7252    6.4541   13.7834    0.6584    0.5865
   98.9148    7.1489   52.6471    0.7457    0.6125
   26.0897    7.0152    9.7596    0.5812    0.5442
    5.3996    8.0441    3.5698    0.4070    0.4546
   77.1318    8.3387   66.9629    0.8008    0.6643
   53.4500    6.5681   21.6028    0.6442    0.5499
   88.7961    5.0420   42.7623    0.7106    0.6756
   28.5277    6.8066   10.2796    0.7685    0.6991
   35.9716    6.8547   10.2738    0.6162    0.6600
   27.1257    6.1967    8.1924    0.5501    0.7369
   70.6886    7.2555   40.5108    0.4331    0.6164
    3.9334    7.0399    4.3420    0.4684    0.6728
    4.0036    7.2272    4.1451    0.4517    0.6096
    4.1752    7.2211    4.0542    0.4180    0.6498
    4.7336    7.1304    4.5277    0.3104    0.6979
   66.7619    6.7591   58.4733    0.7777    0.6444
   30.9311    7.1768   12.3014    0.5307    0.8173
   30.6456    6.7302   19.2333    0.7066    0.5791
    2.6896    6.4278    3.5050    0.2293    0.5350
    4.8124    7.5736    4.6843    0.5099    0.7444
    2.9110    7.2783    3.2333    0.4610    0.6476
   29.9727    6.6886    9.7411    0.5980    0.7278
   11.6154    7.3662    5.7140    0.7252    0.6083
    2.8604    4.9467    3.3802    0.3647    0.5440
    4.8124    7.4799    4.6843    0.5568    0.7913


fval =

    0.0011   24.7793
    0.0802   21.0812
    0.0089   23.1811
    0.0563   21.3954
    0.0037   23.9467
    0.2802   20.0031
    0.0057   23.5600
    0.2288   20.1255
    0.0102   23.0540
    0.0017   24.5633
    0.0183   22.4531
    0.0661   21.2623
    0.0984   20.9019
    0.0697   21.2077
    0.2388   20.0866
    0.0163   22.5695
    0.0082   23.3002
    0.0013   24.7244
    0.1080   20.8429
    0.0535   21.4579
    0.1756   20.3874
    0.1346   20.6016
    0.0452   21.6175
    0.2505   20.0484
    0.1395   20.5853
    0.1123   20.7840
    0.0591   21.3612
    0.2208   20.1409
    0.2321   20.0968
    0.0036   24.0355
    0.0736   21.1563
    0.0067   23.5059
    0.0099   23.1407
    0.0628   21.3237
    0.1444   20.5432
    0.2571   20.0445
    0.0206   22.3715
    0.2477   20.0772
    0.2250   20.1385
    0.1172   20.7656
    0.0305   22.0278
    0.1493   20.5227
    0.0053   23.6575
    0.0153   22.6247
    0.1798   20.3232
    0.0265   22.2317
    0.0029   24.1282
    0.0392   21.7452
    0.1752   20.3978
    0.0019   24.4016
    0.0117   22.9147
    0.0040   23.8694
    0.0326   21.9211
    0.0351   21.8412
    0.0489   21.5169
    0.0049   23.7618
    0.1588   20.4561
    0.1655   20.4190
    0.1671   20.4049
    0.1546   20.4810
    0.0024   24.2470
    0.0266   22.0789
    0.0147   22.7566
    0.2658   20.0159
    0.1302   20.6274
    0.2141   20.1704
    0.0370   21.7710
    0.0791   21.1286
    0.2933   19.9984
    0.1279   20.6536

The number of points on the Pareto front was: 70
>> 
